# Created at 2019-06-21 17:38:34 in KST in Seoul South Korea 
436000615254083 0.076602 0.990948 0.110245 0.041187 -0.743662 -0.016868 0.668342 0.215116 0.664152 -0.133181 0.735639 0.153817 
436000631916041 0.076343 0.991131 0.108770 0.041226 -0.742585 -0.016281 0.669554 0.215109 0.665387 -0.131887 0.734756 0.153787 
436000648577625 0.075729 0.991348 0.107209 0.041306 -0.741903 -0.015818 0.670321 0.215080 0.666217 -0.130301 0.734286 0.153782 
436000665239291 0.075266 0.991386 0.107187 0.041310 -0.741709 -0.016186 0.670526 0.214326 0.666485 -0.129969 0.734102 0.152450 
436000681900833 0.075290 0.991242 0.108490 0.041409 -0.741968 -0.016998 0.670220 0.214183 0.666195 -0.130957 0.734190 0.152253 
436000698562541 0.075466 0.991094 0.109715 0.041552 -0.741786 -0.017732 0.670402 0.213922 0.666377 -0.131978 0.733842 0.151852 
436000715224125 0.075831 0.991096 0.109442 0.041713 -0.741010 -0.017428 0.671267 0.213584 0.667198 -0.132001 0.733091 0.151271 
436000731885958 0.076111 0.991103 0.109186 0.041909 -0.739677 -0.017310 0.672739 0.213134 0.668644 -0.131965 0.731779 0.150494 
436000748547750 0.076564 0.991059 0.109270 0.042120 -0.737720 -0.017417 0.674881 0.212522 0.670751 -0.132282 0.729791 0.149527 
436000765208916 0.077611 0.990964 0.109393 0.042934 -0.735429 -0.017179 0.677384 0.212997 0.673142 -0.133024 0.727450 0.149670 
436000781870875 0.078676 0.990916 0.109064 0.043169 -0.732851 -0.016678 0.680184 0.212288 0.675825 -0.133442 0.724882 0.148625 
436000798532541 0.079293 0.990887 0.108881 0.043456 -0.730491 -0.016564 0.682721 0.211491 0.678303 -0.133672 0.722521 0.147659 
436000815194208 0.078995 0.991002 0.108052 0.043820 -0.728592 -0.016582 0.684747 0.210647 0.680377 -0.132817 0.720727 0.146860 
436000831856083 0.077715 0.991282 0.106399 0.044254 -0.727196 -0.016645 0.686228 0.209801 0.682016 -0.130703 0.719563 0.146243 
436000848517666 0.075864 0.991737 0.103456 0.044717 -0.726196 -0.016147 0.687297 0.208997 0.683289 -0.127271 0.718971 0.145776 
436000865179250 0.074274 0.992219 0.099922 0.044821 -0.725368 -0.015007 0.688198 0.207517 0.684343 -0.123595 0.718609 0.144919 
436000881840875 0.073215 0.992641 0.096452 0.045143 -0.724727 -0.013484 0.688904 0.206701 0.685135 -0.120339 0.718407 0.144522 
436000898502583 0.072780 0.992801 0.095129 0.045402 -0.724346 -0.012949 0.689315 0.205781 0.685584 -0.119074 0.718189 0.144118 
436000915164208 0.072263 0.992796 0.095570 0.045674 -0.724458 -0.013612 0.689184 0.204762 0.685520 -0.119039 0.718256 0.143715 
436000931826208 0.070758 0.992846 0.096181 0.046063 -0.724965 -0.015043 0.688621 0.203708 0.685142 -0.118453 0.718714 0.143305 
436000948487666 0.067828 0.993078 0.095893 0.046611 -0.725572 -0.016871 0.687939 0.202656 0.684795 -0.116239 0.719406 0.142844 
436000965149416 0.064291 0.993412 0.094863 0.046670 -0.725964 -0.018666 0.687479 0.202301 0.684721 -0.113066 0.719981 0.142522 
436000981811083 0.061478 0.993670 0.094019 0.047165 -0.725312 -0.020234 0.688123 0.201239 0.685670 -0.110498 0.719477 0.141756 
436000998472666 0.060272 0.993810 0.093317 0.047457 -0.723807 -0.020864 0.689687 0.200135 0.687365 -0.109113 0.718070 0.140823 
436001015134208 0.060309 0.993802 0.093379 0.047586 -0.722093 -0.021152 0.691473 0.199001 0.689162 -0.109130 0.716342 0.139808 
436001031796083 0.060746 0.993651 0.094694 0.047657 -0.721012 -0.021924 0.692576 0.197911 0.690255 -0.110347 0.715102 0.138796 
436001048457833 0.061002 0.993510 0.096007 0.047716 -0.720684 -0.022707 0.692892 0.196903 0.690575 -0.111459 0.714621 0.137820 
436001065119500 0.061392 0.993448 0.096390 0.046874 -0.720014 -0.022801 0.693585 0.196581 0.691239 -0.111983 0.713897 0.136787 
436001081781208 0.061427 0.993417 0.096694 0.046785 -0.718749 -0.023193 0.694882 0.195570 0.692550 -0.112184 0.712593 0.135718 
436001098442750 0.061756 0.993461 0.096030 0.046578 -0.716451 -0.022862 0.697262 0.194501 0.694898 -0.111861 0.710355 0.134585 
436001115104333 0.061942 0.993582 0.094644 0.046310 -0.713844 -0.022172 0.699954 0.193444 0.697560 -0.110917 0.707889 0.133430 
436001131766041 0.061718 0.993728 0.093249 0.046046 -0.710806 -0.021826 0.703050 0.192366 0.700675 -0.109673 0.705000 0.132250 
436001148427833 0.061145 0.993830 0.092536 0.045802 -0.707482 -0.022244 0.706381 0.191264 0.704081 -0.108660 0.701757 0.131052 
436001165089458 0.060409 0.993883 0.092450 0.046118 -0.704272 -0.023196 0.709551 0.190215 0.707356 -0.107973 0.698563 0.129492 
436001181751125 0.059220 0.993870 0.093354 0.045874 -0.701825 -0.025051 0.711909 0.189226 0.709884 -0.107677 0.696039 0.128374 
436001198412833 0.058575 0.993773 0.094783 0.045511 -0.700096 -0.026791 0.713545 0.188381 0.711642 -0.108153 0.694168 0.127325 
436001215074291 0.058469 0.993693 0.095685 0.045014 -0.698720 -0.027723 0.714858 0.187687 0.713002 -0.108654 0.692692 0.126350 
436001231736125 0.058406 0.993677 0.095884 0.044433 -0.697465 -0.028101 0.716067 0.187106 0.714234 -0.108699 0.691414 0.125455 
436001248397875 0.057753 0.993739 0.095644 0.043820 -0.696433 -0.028539 0.717054 0.186595 0.715294 -0.108022 0.690424 0.124657 
436001265059291 0.056287 0.993852 0.095336 0.043595 -0.695711 -0.029447 0.717718 0.185377 0.716113 -0.106725 0.689776 0.123018 
436001281720750 0.054556 0.993967 0.095151 0.042964 -0.695550 -0.030540 0.717829 0.184959 0.716404 -0.105343 0.689687 0.122376 
436001298382833 0.053074 0.994031 0.095312 0.042261 -0.695993 -0.031622 0.717351 0.184650 0.716084 -0.104409 0.690161 0.121802 
436001315044416 0.052183 0.993994 0.096195 0.041456 -0.696362 -0.032825 0.716939 0.184381 0.715791 -0.104399 0.690467 0.121219 
436001331706291 0.052261 0.993883 0.097291 0.040522 -0.696154 -0.033592 0.717106 0.184127 0.715987 -0.105206 0.690141 0.120585 
436001348368000 0.053517 0.993745 0.098017 0.039467 -0.695220 -0.033381 0.718021 0.183889 0.716802 -0.106569 0.689085 0.119910 
436001365029375 0.055366 0.993652 0.097933 0.037537 -0.693864 -0.032240 0.719384 0.182793 0.717974 -0.107782 0.687674 0.118244 
436001381691166 0.057320 0.993532 0.098020 0.036480 -0.692549 -0.031147 0.720698 0.182644 0.719090 -0.109194 0.686284 0.117680 
436001398352958 0.058639 0.993437 0.098208 0.035578 -0.691714 -0.030499 0.721527 0.182522 0.719787 -0.110242 0.685386 0.117228 
436001415014500 0.058918 0.993391 0.098499 0.034893 -0.691480 -0.030554 0.721749 0.182429 0.719989 -0.110634 0.685110 0.116897 
436001431676375 0.058103 0.993422 0.098673 0.034428 -0.691765 -0.031199 0.721449 0.182351 0.719782 -0.110177 0.685402 0.116673 
436001448337833 0.056665 0.993519 0.098534 0.034133 -0.692196 -0.032027 0.720999 0.182262 0.719482 -0.109060 0.685895 0.116507 
436001464999625 0.054780 0.993651 0.098272 0.034017 -0.692762 -0.033056 0.720408 0.183570 0.719083 -0.107543 0.686553 0.118076 
436001481661166 0.055018 0.993803 0.096582 0.033742 -0.693078 -0.031620 0.720168 0.183353 0.718760 -0.106561 0.687044 0.117927 
436001498322916 0.055432 0.993915 0.095190 0.033501 -0.692895 -0.030351 0.720400 0.183128 0.718905 -0.105890 0.686996 0.117712 
436001514984583 0.054080 0.993955 0.095539 0.033492 -0.692874 -0.031543 0.720368 0.182930 0.719028 -0.105154 0.686980 0.117423 
436001531646458 0.052766 0.993983 0.095984 0.033558 -0.693330 -0.032710 0.719878 0.182686 0.718686 -0.104534 0.687432 0.117197 
436001548308000 0.051504 0.994125 0.095195 0.033678 -0.693917 -0.032928 0.719302 0.182443 0.718211 -0.103104 0.688144 0.117020 
436001564969625 0.048957 0.994365 0.094034 0.034594 -0.694666 -0.033748 0.718540 0.183278 0.717664 -0.100500 0.689099 0.117780 
436001581631125 0.045312 0.994689 0.092414 0.035103 -0.695649 -0.034974 0.717530 0.183078 0.716951 -0.096800 0.690370 0.117720 
436001598292916 0.041557 0.995000 0.090814 0.035685 -0.696580 -0.036307 0.716560 0.182845 0.716275 -0.093037 0.691588 0.117651 
436001614954583 0.038332 0.995257 0.089410 0.036269 -0.697193 -0.037461 0.715904 0.182568 0.715858 -0.089778 0.692451 0.117539 
436001631616500 0.035574 0.995417 0.088763 0.036841 -0.697618 -0.038863 0.715415 0.182252 0.715586 -0.087373 0.693038 0.117377 
436001648278000 0.033282 0.995508 0.088632 0.037385 -0.698023 -0.040316 0.714939 0.181924 0.715301 -0.085661 0.693546 0.117167 
436001664939625 0.031140 0.995588 0.088512 0.038077 -0.698570 -0.041656 0.714328 0.181801 0.714864 -0.084076 0.694191 0.117210 
436001681601083 0.029398 0.995676 0.088117 0.038561 -0.699344 -0.042498 0.713521 0.181534 0.714180 -0.082600 0.695071 0.116984 
436001698263041 0.027922 0.995797 0.087228 0.038998 -0.700150 -0.042799 0.712712 0.181303 0.713450 -0.080973 0.696012 0.116742 
436001714924583 0.026736 0.995909 0.086310 0.039378 -0.700910 -0.042886 0.711959 0.181083 0.712748 -0.079531 0.696896 0.116473 
436001731586375 0.026051 0.995950 0.086054 0.039682 -0.701466 -0.043120 0.711397 0.180829 0.712227 -0.078897 0.697501 0.116153 
436001748248208 0.025800 0.995967 0.085935 0.039930 -0.701653 -0.043189 0.711209 0.180537 0.712052 -0.078645 0.697709 0.115756 
436001764909666 0.025700 0.996018 0.085362 0.039680 -0.701417 -0.042876 0.711460 0.179874 0.712287 -0.078159 0.697523 0.114202 
436001781571375 0.026050 0.996079 0.084547 0.039837 -0.701021 -0.042092 0.711897 0.179515 0.712664 -0.077815 0.697176 0.113605 
436001798232958 0.026603 0.996141 0.083635 0.039974 -0.700557 -0.041104 0.712411 0.179119 0.713100 -0.077543 0.696761 0.112941 
436001814894541 0.027216 0.996207 0.082651 0.040108 -0.700170 -0.040014 0.712854 0.178692 0.713457 -0.077271 0.696425 0.112231 
436001831556250 0.027761 0.996284 0.081531 0.040251 -0.699921 -0.038859 0.713162 0.178235 0.713680 -0.076863 0.696242 0.111484 
436001848218041 0.028458 0.996346 0.080530 0.040387 -0.699581 -0.037692 0.713559 0.177736 0.713987 -0.076644 0.695952 0.110687 
436001864879625 0.029527 0.996349 0.080102 0.040695 -0.699188 -0.036682 0.713996 0.177482 0.714328 -0.077088 0.695553 0.110117 
436001881541416 0.030513 0.996354 0.079667 0.040790 -0.698586 -0.035746 0.714633 0.176914 0.714875 -0.077460 0.694948 0.109198 
436001898203041 0.031419 0.996356 0.079299 0.040894 -0.697898 -0.034926 0.715345 0.176337 0.715508 -0.077818 0.694257 0.108223 
436001914864583 0.032258 0.996329 0.079299 0.041007 -0.697264 -0.034411 0.715988 0.175752 0.716089 -0.078389 0.693594 0.107203 
436001931526333 0.033290 0.996243 0.079946 0.041108 -0.696590 -0.034232 0.716652 0.175154 0.716697 -0.079547 0.692833 0.106136 
436001948188041 0.034519 0.996103 0.081164 0.041181 -0.695737 -0.034350 0.717475 0.174546 0.717467 -0.081235 0.691840 0.105027 
436001964849541 0.035645 0.995967 0.082341 0.040941 -0.694819 -0.034522 0.718355 0.173820 0.718300 -0.082818 0.690786 0.103416 
436001981511125 0.036621 0.995870 0.083081 0.040972 -0.693959 -0.034480 0.719189 0.173270 0.719083 -0.083992 0.689830 0.102292 
436001998173166 0.037333 0.995813 0.083441 0.041008 -0.693261 -0.034329 0.719869 0.172758 0.719719 -0.084722 0.689077 0.101208 
436002014834666 0.037747 0.995757 0.083927 0.041055 -0.692857 -0.034441 0.720252 0.172276 0.720087 -0.085337 0.688617 0.100172 
436002031496333 0.038108 0.995703 0.084405 0.041088 -0.692680 -0.034559 0.720417 0.171824 0.720238 -0.085920 0.688386 0.099171 
436002048158208 0.038587 0.995636 0.084970 0.041087 -0.692646 -0.034641 0.720445 0.171407 0.720245 -0.086654 0.688287 0.098182 
436002064819583 0.039340 0.995528 0.085889 0.041250 -0.692822 -0.034763 0.720270 0.170871 0.720035 -0.087841 0.688356 0.097203 
436002081481250 0.040341 0.995444 0.086396 0.041184 -0.693100 -0.034403 0.720020 0.170550 0.719712 -0.088928 0.688554 0.096202 
436002098142958 0.041633 0.995408 0.086195 0.041103 -0.693136 -0.033359 0.720034 0.170276 0.719603 -0.089722 0.688565 0.095178 
436002114804791 0.043056 0.995405 0.085531 0.041031 -0.692753 -0.031942 0.720467 0.170018 0.719889 -0.090272 0.688194 0.094118 
436002131466500 0.044561 0.995396 0.084864 0.040981 -0.692095 -0.030501 0.721162 0.169770 0.720429 -0.090870 0.687549 0.093034 
436002148128250 0.046164 0.995341 0.084650 0.040950 -0.691451 -0.029318 0.721828 0.169548 0.720946 -0.091854 0.686876 0.091964 
436002164789833 0.048146 0.995269 0.084388 0.040855 -0.690822 -0.027841 0.722488 0.169232 0.721420 -0.093082 0.686214 0.090005 
436002181451500 0.050042 0.995235 0.083688 0.040851 -0.690180 -0.026107 0.723167 0.169104 0.721906 -0.093948 0.685585 0.088995 
436002198113041 0.051741 0.995198 0.083087 0.040900 -0.689402 -0.024600 0.723961 0.168982 0.722529 -0.094739 0.684819 0.088057 
436002214774416 0.052878 0.995168 0.082736 0.041035 -0.688757 -0.023645 0.724606 0.168857 0.723061 -0.095301 0.684178 0.087231 
436002231436666 0.053028 0.995164 0.082684 0.041278 -0.688629 -0.023521 0.724732 0.168749 0.723172 -0.095370 0.684051 0.086556 
436002248098375 0.052432 0.995178 0.082890 0.041599 -0.689157 -0.024013 0.724214 0.168669 0.722713 -0.095096 0.684575 0.086017 
436002264759708 0.051613 0.995179 0.083398 0.041737 -0.689808 -0.024861 0.723565 0.168441 0.722150 -0.094874 0.685199 0.085541 
436002281421291 0.050970 0.995143 0.084215 0.042059 -0.690552 -0.025801 0.722822 0.168343 0.721484 -0.094997 0.685883 0.085082 
436002298083083 0.050362 0.995131 0.084722 0.042373 -0.691033 -0.026525 0.722336 0.168214 0.721067 -0.094924 0.686332 0.084600 
436002314741625 0.049723 0.995136 0.085042 0.042680 -0.691099 -0.027190 0.722248 0.168037 0.721048 -0.094685 0.686386 0.084056 
436002331406416 0.049262 0.995138 0.085285 0.042955 -0.690683 -0.027740 0.722626 0.167805 0.721478 -0.094503 0.685958 0.083413 
436002348068375 0.049259 0.995119 0.085503 0.043180 -0.689859 -0.028008 0.723401 0.167533 0.722265 -0.094619 0.685113 0.082668 
436002364729875 0.049708 0.995100 0.085470 0.043583 -0.688655 -0.027832 0.724555 0.168419 0.723383 -0.094875 0.683897 0.083011 
436002381391416 0.050638 0.995092 0.085011 0.043723 -0.686578 -0.027131 0.726549 0.168129 0.725290 -0.095157 0.681835 0.082127 
436002398053166 0.051879 0.995074 0.084481 0.043849 -0.684005 -0.026230 0.729006 0.167774 0.727630 -0.095605 0.679274 0.081181 
436002414714833 0.052971 0.995047 0.084113 0.044011 -0.681683 -0.025520 0.731202 0.167396 0.729727 -0.096071 0.676955 0.080261 
436002431376625 0.054255 0.995036 0.083420 0.044179 -0.680241 -0.024327 0.732585 0.167035 0.730978 -0.096492 0.675545 0.079461 
436002448038250 0.054247 0.995061 0.083138 0.044457 -0.679646 -0.024203 0.733141 0.166758 0.731532 -0.096275 0.674976 0.078734 
436002464699916 0.053166 0.995105 0.083299 0.045054 -0.679551 -0.025068 0.733200 0.166085 0.731700 -0.095587 0.674892 0.077457 
436002481361458 0.052219 0.995164 0.083193 0.045424 -0.679180 -0.025682 0.733522 0.165807 0.732112 -0.094807 0.674555 0.076727 
436002498023125 0.051549 0.995200 0.083186 0.045769 -0.678392 -0.026234 0.734231 0.165512 0.732889 -0.094281 0.673784 0.075958 
436002514684708 0.051093 0.995204 0.083415 0.046099 -0.677340 -0.026847 0.735180 0.165210 0.733894 -0.094063 0.672720 0.075170 
436002531346541 0.050541 0.995185 0.083978 0.046438 -0.676390 -0.027758 0.736020 0.164933 0.734808 -0.094001 0.671730 0.074395 
436002548008333 0.049726 0.995158 0.084777 0.046793 -0.675811 -0.028973 0.736505 0.164711 0.735396 -0.093917 0.671098 0.073660 
436002564669583 0.048801 0.995145 0.085466 0.046723 -0.675645 -0.030129 0.736611 0.164344 0.735610 -0.093692 0.670895 0.072965 
436002581331500 0.047615 0.995141 0.086175 0.047034 -0.675620 -0.031458 0.736578 0.164255 0.735711 -0.093294 0.670840 0.072332 
436002597993208 0.046487 0.995146 0.086734 0.047285 -0.675594 -0.032636 0.736551 0.164214 0.735806 -0.092837 0.670798 0.071722 
436002614654708 0.045700 0.995122 0.087432 0.047438 -0.675554 -0.033689 0.736540 0.164212 0.735892 -0.092725 0.670719 0.071129 
436002631316583 0.045425 0.995058 0.088294 0.047479 -0.675598 -0.034507 0.736462 0.164256 0.735869 -0.093105 0.670692 0.070561 
436002647978375 0.045558 0.994989 0.088998 0.047424 -0.675725 -0.034923 0.736326 0.164349 0.735745 -0.093684 0.670748 0.070031 
436002664639666 0.045819 0.994929 0.089537 0.047308 -0.675758 -0.035140 0.736285 0.164618 0.735698 -0.094242 0.670722 0.069196 
436002681301458 0.045852 0.994903 0.089810 0.047161 -0.676068 -0.035281 0.735994 0.164754 0.735412 -0.094465 0.671004 0.068763 
436002697963250 0.045536 0.994890 0.090109 0.047012 -0.676703 -0.035634 0.735393 0.164892 0.734846 -0.094464 0.671623 0.068410 
436002714624833 0.045125 0.994887 0.090353 0.046846 -0.677738 -0.035959 0.734424 0.165032 0.733918 -0.094376 0.672650 0.068138 
436002731286500 0.044645 0.994878 0.090691 0.046662 -0.678905 -0.036383 0.733324 0.165149 0.732867 -0.094310 0.673804 0.067911 
436002747948208 0.044480 0.994837 0.091217 0.046440 -0.679769 -0.036770 0.732504 0.165209 0.732076 -0.094589 0.674624 0.067671 
436002764609791 0.044668 0.994827 0.091240 0.045877 -0.680166 -0.036609 0.732143 0.165618 0.731696 -0.094762 0.675012 0.067783 
436002781271500 0.045218 0.994787 0.091405 0.045548 -0.680136 -0.036360 0.732183 0.165571 0.731690 -0.095276 0.674947 0.067497 
436002797932708 0.045775 0.994735 0.091689 0.045205 -0.680127 -0.036192 0.732201 0.165479 0.731664 -0.095877 0.674889 0.067209 
436002814594958 0.046004 0.994686 0.092102 0.044896 -0.680356 -0.036311 0.731982 0.165360 0.731436 -0.096336 0.675070 0.066927 
436002831256583 0.045770 0.994677 0.092322 0.044641 -0.680737 -0.036582 0.731613 0.165223 0.731096 -0.096333 0.675439 0.066645 
436002847918375 0.045320 0.994692 0.092380 0.044415 -0.680936 -0.036904 0.731412 0.165047 0.730939 -0.096052 0.675649 0.066323 
436002864575333 0.044968 0.994710 0.092353 0.044118 -0.680895 -0.037129 0.731439 0.164604 0.730999 -0.095774 0.675624 0.066325 
436002881241541 0.045078 0.994633 0.093133 0.043849 -0.680422 -0.037690 0.731850 0.164300 0.731432 -0.096360 0.675071 0.065900 
436002897902875 0.045167 0.994513 0.094356 0.043557 -0.680087 -0.038573 0.732116 0.163985 0.731739 -0.097238 0.674614 0.065481 
436002914564708 0.045295 0.994415 0.095324 0.043219 -0.679935 -0.039220 0.732222 0.163696 0.731872 -0.097981 0.674362 0.065099 
436002931226708 0.045543 0.994332 0.096068 0.042818 -0.679868 -0.039608 0.732264 0.163422 0.731919 -0.098663 0.674211 0.064759 
436002947888416 0.045821 0.994245 0.096831 0.042367 -0.679815 -0.039989 0.732292 0.163145 0.731951 -0.099382 0.674071 0.064456 
436002964549875 0.045978 0.994173 0.097500 0.042451 -0.679575 -0.040408 0.732492 0.163034 0.732164 -0.099937 0.673757 0.063633 
436002981211541 0.046534 0.994117 0.097803 0.041949 -0.679439 -0.040273 0.732626 0.162795 0.732255 -0.100543 0.673568 0.063370 
436002997872708 0.047366 0.994052 0.098070 0.041410 -0.679430 -0.039907 0.732655 0.162606 0.732210 -0.101335 0.673498 0.063145 
436003014534750 0.048383 0.993984 0.098262 0.040846 -0.679718 -0.039318 0.732419 0.162480 0.731876 -0.102227 0.673726 0.062976 
436003031196583 0.049359 0.993948 0.098136 0.040285 -0.680085 -0.038512 0.732121 0.162381 0.731470 -0.102877 0.674068 0.062869 
436003047858375 0.049986 0.993949 0.097812 0.039763 -0.680383 -0.037806 0.731881 0.162279 0.731150 -0.103133 0.674376 0.062814 
436003064519958 0.050255 0.993945 0.097716 0.039732 -0.680463 -0.037542 0.731820 0.162118 0.731057 -0.103270 0.674456 0.062382 
436003081181583 0.050389 0.993936 0.097732 0.039342 -0.680567 -0.037447 0.731728 0.161965 0.730951 -0.103384 0.674553 0.062394 
436003097843208 0.050227 0.993923 0.097952 0.039020 -0.680565 -0.037720 0.731716 0.161810 0.730964 -0.103414 0.674534 0.062451 
436003114504291 0.049638 0.993942 0.098062 0.038774 -0.680715 -0.038180 0.731553 0.161700 0.730865 -0.103065 0.674696 0.062577 
436003131166541 0.048738 0.994005 0.097873 0.038581 -0.681122 -0.038595 0.731152 0.161653 0.730546 -0.102298 0.675158 0.062788 
436003147828291 0.047706 0.994106 0.097357 0.038415 -0.681595 -0.038852 0.730697 0.161650 0.730173 -0.101217 0.675724 0.063062 
436003164489875 0.046607 0.994232 0.096594 0.038119 -0.681995 -0.038983 0.730317 0.161574 0.729870 -0.099915 0.676244 0.062933 
436003181151583 0.045854 0.994334 0.095903 0.037926 -0.682162 -0.038966 0.730162 0.161552 0.729762 -0.098902 0.676510 0.063264 
436003197813291 0.045015 0.994412 0.095495 0.037732 -0.682271 -0.039222 0.730046 0.161500 0.729712 -0.098016 0.676693 0.063643 
436003214474833 0.043837 0.994491 0.095214 0.037556 -0.682469 -0.039792 0.729831 0.161447 0.729599 -0.096974 0.676965 0.064071 
436003231136500 0.042249 0.994601 0.094787 0.037391 -0.682686 -0.040532 0.729587 0.161403 0.729490 -0.095534 0.677287 0.064538 
436003247798250 0.040650 0.994721 0.094221 0.037192 -0.682788 -0.041192 0.729454 0.161365 0.729484 -0.093985 0.677510 0.065015 
436003264459875 0.039411 0.994815 0.093758 0.037396 -0.682876 -0.041685 0.729344 0.162340 0.729470 -0.092769 0.677692 0.066898 
436003281121583 0.038613 0.994879 0.093405 0.037051 -0.682800 -0.041979 0.729398 0.162434 0.729584 -0.091941 0.677683 0.067412 
436003297783375 0.038350 0.994899 0.093303 0.036618 -0.682640 -0.042104 0.729540 0.162548 0.729748 -0.091670 0.677543 0.067887 
436003314444916 0.038224 0.994942 0.092897 0.036141 -0.682448 -0.041916 0.729731 0.162682 0.729934 -0.091290 0.677394 0.068336 
436003331106625 0.037930 0.994987 0.092534 0.035655 -0.682204 -0.041880 0.729962 0.162815 0.730177 -0.090815 0.677195 0.068773 
436003347768416 0.037634 0.994983 0.092700 0.035150 -0.682231 -0.042200 0.729917 0.162960 0.730167 -0.090712 0.677220 0.069203 
436003364429875 0.037527 0.994946 0.093132 0.033938 -0.682267 -0.042585 0.729862 0.163136 0.730139 -0.090930 0.677221 0.069466 
436003381091500 0.037888 0.994893 0.093552 0.033329 -0.682079 -0.042671 0.730032 0.163233 0.730296 -0.091469 0.676979 0.069853 
436003397752958 0.038508 0.994852 0.093737 0.032701 -0.681531 -0.042455 0.730557 0.163294 0.730775 -0.092017 0.676388 0.070225 
436003414414250 0.039200 0.994800 0.094001 0.032082 -0.680956 -0.042250 0.731104 0.163341 0.731274 -0.092670 0.675759 0.070613 
436003431076541 0.039722 0.994722 0.094610 0.031498 -0.680923 -0.042348 0.731130 0.163415 0.731277 -0.093464 0.675646 0.071056 
436003447738333 0.040208 0.994620 0.095470 0.030948 -0.681386 -0.042590 0.730684 0.163522 0.730819 -0.094432 0.676008 0.071552 
436003464399875 0.040909 0.994524 0.096174 0.030921 -0.681930 -0.042560 0.730178 0.163625 0.730273 -0.095455 0.676454 0.072570 
436003481061541 0.041745 0.994465 0.096421 0.030468 -0.682026 -0.042161 0.730111 0.163686 0.730135 -0.096240 0.676491 0.073112 
436003497723291 0.042554 0.994437 0.096360 0.030090 -0.681814 -0.041593 0.730342 0.163687 0.730286 -0.096779 0.676251 0.073653 
436003514384833 0.043537 0.994432 0.095966 0.029780 -0.681599 -0.040664 0.730595 0.163628 0.730429 -0.097218 0.676034 0.074230 
436003531046750 0.045828 0.994391 0.095321 0.029439 -0.681841 -0.038599 0.730481 0.163517 0.730063 -0.098471 0.676248 0.074887 
436003547708500 0.046494 0.994276 0.096193 0.029279 -0.682258 -0.038730 0.730085 0.163431 0.729631 -0.099573 0.676553 0.075503 
436003564369916 0.046326 0.994160 0.097469 0.028952 -0.682759 -0.039713 0.729564 0.162933 0.729174 -0.100345 0.676931 0.075492 
436003581031666 0.046314 0.994168 0.097387 0.028883 -0.682946 -0.039634 0.729393 0.162713 0.728999 -0.100291 0.677127 0.076105 
436003597693208 0.046702 0.994209 0.096783 0.028796 -0.683203 -0.038892 0.729192 0.162450 0.728734 -0.100178 0.677430 0.076768 
436003614354916 0.046375 0.994209 0.096939 0.028778 -0.683771 -0.039151 0.728645 0.162174 0.728221 -0.100075 0.677996 0.077448 
436003631016541 0.045832 0.994219 0.097097 0.028787 -0.684672 -0.039514 0.727779 0.161881 0.727408 -0.099836 0.678903 0.078157 
436003647678333 0.045535 0.994276 0.096653 0.028788 -0.685386 -0.039294 0.727119 0.161556 0.726755 -0.099354 0.679674 0.078855 
436003664339958 0.045346 0.994315 0.096341 0.028602 -0.685845 -0.039133 0.726694 0.160502 0.726333 -0.099028 0.680172 0.078358 
436003681001666 0.045099 0.994379 0.095789 0.028567 -0.686326 -0.038834 0.726257 0.160078 0.725895 -0.098496 0.680717 0.078940 
436003697663291 0.044955 0.994455 0.095072 0.028506 -0.687086 -0.038305 0.725565 0.159686 0.725184 -0.097940 0.681554 0.079510 
436003714324833 0.044840 0.994504 0.094607 0.028411 -0.688268 -0.037885 0.724466 0.159342 0.724069 -0.097600 0.682787 0.080065 
436003730986500 0.044994 0.994519 0.094383 0.028263 -0.689758 -0.037416 0.723073 0.159048 0.722641 -0.097636 0.684293 0.080582 
436003747648250 0.045552 0.994519 0.094107 0.028052 -0.691168 -0.036640 0.721765 0.158776 0.721257 -0.097921 0.685711 0.081032 
436003764309791 0.046154 0.994529 0.093713 0.027308 -0.692220 -0.035795 0.720799 0.158191 0.720209 -0.098137 0.686780 0.080776 
436003780971666 0.047018 0.994479 0.093810 0.027039 -0.692966 -0.035166 0.720112 0.157849 0.719435 -0.098866 0.687487 0.081040 
436003797633291 0.047645 0.994446 0.093850 0.026811 -0.693419 -0.034699 0.719699 0.157491 0.718958 -0.099367 0.687914 0.081250 
436003814294958 0.048042 0.994473 0.093362 0.026628 -0.693681 -0.034034 0.719478 0.157151 0.718678 -0.099328 0.688212 0.081420 
436003830956541 0.048369 0.994489 0.093021 0.026490 -0.693926 -0.033527 0.719265 0.156835 0.718420 -0.099340 0.688480 0.081548 
436003847618416 0.048614 0.994425 0.093573 0.026389 -0.694614 -0.033661 0.718595 0.156575 0.717738 -0.099931 0.689105 0.081659 
436003864279958 0.048671 0.994315 0.094699 0.026261 -0.695794 -0.034269 0.717424 0.156488 0.716591 -0.100809 0.690170 0.081696 
436003880941708 0.048679 0.994260 0.095271 0.026212 -0.697585 -0.034422 0.715675 0.156461 0.714847 -0.101298 0.691905 0.081844 
436003897603458 0.049081 0.994272 0.094938 0.026128 -0.699783 -0.033591 0.713566 0.156584 0.712668 -0.101458 0.694126 0.082010 
436003914264916 0.050164 0.994223 0.094886 0.025994 -0.702596 -0.032392 0.710851 0.156862 0.709819 -0.102326 0.696912 0.082192 
436003930926541 0.051639 0.994063 0.095768 0.025843 -0.706313 -0.031440 0.707201 0.157292 0.706013 -0.104162 0.700497 0.082416 
436003947588250 0.052940 0.993864 0.097117 0.025729 -0.710556 -0.030842 0.702964 0.157822 0.701646 -0.106222 0.704563 0.082689 
436003964249875 0.053577 0.993773 0.097697 0.025162 -0.714928 -0.030130 0.698549 0.158237 0.697142 -0.107272 0.708862 0.084006 
436003980911625 0.053772 0.993790 0.097416 0.025154 -0.718647 -0.029219 0.694760 0.158794 0.693292 -0.107366 0.712614 0.084453 
436003997573500 0.053579 0.993919 0.096204 0.025185 -0.722974 -0.027844 0.690314 0.159432 0.688795 -0.106539 0.717085 0.085082 
436004014235000 0.053112 0.994070 0.094890 0.025254 -0.728895 -0.026359 0.684118 0.160208 0.682563 -0.105500 0.723172 0.085964 
436004030896583 0.052748 0.994148 0.094278 0.025338 -0.735998 -0.025105 0.676518 0.161073 0.674925 -0.105073 0.730367 0.087031 
436004047558416 0.053208 0.994024 0.095322 0.025361 -0.743410 -0.024303 0.668394 0.161941 0.666716 -0.106427 0.737674 0.088150 
436004064220000 0.054476 0.993838 0.096526 0.024841 -0.750890 -0.022946 0.660029 0.163008 0.658177 -0.108436 0.745013 0.089755 
436004080881625 0.055939 0.993759 0.096510 0.024724 -0.758906 -0.020492 0.650878 0.163955 0.648794 -0.109652 0.753023 0.091045 
436004097543125 0.057122 0.993828 0.095097 0.024637 -0.768072 -0.017106 0.640134 0.165012 0.637810 -0.109607 0.762355 0.092566 
436004114205041 0.057386 0.993976 0.093379 0.024638 -0.778383 -0.014024 0.627633 0.166135 0.625161 -0.108702 0.772889 0.094292 
436004130866625 0.057206 0.994122 0.091915 0.024696 -0.788859 -0.011418 0.614468 0.167235 0.611906 -0.107659 0.783569 0.096079 
436004147528458 0.057598 0.994187 0.090968 0.024716 -0.798724 -0.008776 0.601634 0.168249 0.598935 -0.107311 0.793575 0.097790 
436004164190000 0.058784 0.994123 0.090901 0.024452 -0.807824 -0.006125 0.589391 0.168346 0.586485 -0.108079 0.802717 0.100007 
436004180851583 0.060295 0.994074 0.090451 0.024382 -0.816152 -0.003074 0.577830 0.169168 0.574683 -0.108662 0.811130 0.101596 
436004197513291 0.061392 0.994260 0.087627 0.024336 -0.823977 0.000940 0.566622 0.169934 0.563287 -0.106988 0.819305 0.103220 
436004214174875 0.062003 0.994625 0.082924 0.024320 -0.831280 0.005480 0.555827 0.170624 0.552385 -0.103396 0.827152 0.104874 
436004230836416 0.062034 0.994914 0.079354 0.024353 -0.838393 0.008806 0.544994 0.171205 0.541524 -0.100338 0.834676 0.106504 
436004247498458 0.062315 0.994961 0.078542 0.024377 -0.845579 0.010826 0.533741 0.171672 0.530201 -0.099673 0.841993 0.108086 
436004264159958 0.063071 0.994787 0.080128 0.023799 -0.853114 0.012076 0.521586 0.172648 0.517899 -0.101255 0.849428 0.109809 
436004280821583 0.063796 0.994514 0.082903 0.023773 -0.860721 0.012790 0.508917 0.172937 0.505064 -0.103823 0.856814 0.111357 
436004297483250 0.064211 0.994369 0.084305 0.023758 -0.867875 0.013941 0.496586 0.173119 0.492615 -0.105052 0.863883 0.112914 
436004314144916 0.063817 0.994291 0.085509 0.023812 -0.874465 0.014426 0.484874 0.173152 0.480872 -0.105718 0.870394 0.114417 
436004330806708 0.062668 0.994149 0.087984 0.023964 -0.880273 0.013516 0.474274 0.172998 0.470310 -0.107172 0.875970 0.115763 
436004347468458 0.061370 0.994014 0.090387 0.024158 -0.885483 0.012431 0.464506 0.172722 0.460601 -0.108543 0.880945 0.117015 
436004364130000 0.060141 0.993866 0.092808 0.024015 -0.890741 0.011471 0.454366 0.172334 0.450514 -0.109994 0.885967 0.119060 
436004380791750 0.058358 0.993752 0.095138 0.024298 -0.896185 0.010163 0.443564 0.172010 0.439825 -0.111147 0.891179 0.120478 
436004397453250 0.055902 0.993675 0.097389 0.024678 -0.901759 0.008375 0.432157 0.171638 0.428608 -0.111980 0.896524 0.121937 
436004414114875 0.053299 0.993609 0.099504 0.025108 -0.906826 0.006438 0.421457 0.171202 0.418122 -0.112696 0.901373 0.123312 
436004430776666 0.050937 0.993601 0.100807 0.025548 -0.911036 0.004874 0.412297 0.170689 0.409168 -0.112840 0.905455 0.124551 
436004447438333 0.048037 0.993676 0.101491 0.026060 -0.914737 0.002954 0.404039 0.170108 0.401184 -0.112247 0.909094 0.125723 
436004464099666 0.044882 0.993819 0.101539 0.025750 -0.918141 0.000979 0.396252 0.169637 0.393703 -0.111012 0.912510 0.126757 
436004480761666 0.041750 0.993987 0.101228 0.026272 -0.921353 -0.000889 0.388727 0.169041 0.386480 -0.109496 0.915775 0.127854 
436004497423291 0.038601 0.994198 0.100403 0.026785 -0.924474 -0.002606 0.381237 0.168468 0.379286 -0.107536 0.919009 0.128967 
436004514084958 0.035537 0.994367 0.099859 0.027279 -0.927695 -0.004335 0.373314 0.167931 0.371644 -0.105905 0.922315 0.130114 
436004530746666 0.032818 0.994535 0.099108 0.027717 -0.930945 -0.005665 0.365116 0.167450 0.363682 -0.104247 0.925672 0.131293 
436004547408333 0.030430 0.994801 0.097187 0.028078 -0.934024 -0.006321 0.357153 0.167023 0.355911 -0.101643 0.928976 0.132494 
436004564069875 0.027797 0.995138 0.094483 0.027794 -0.936751 -0.007058 0.349924 0.166759 0.348890 -0.098234 0.932001 0.131859 
436004580731791 0.024614 0.995444 0.092111 0.028134 -0.939536 -0.008447 0.342346 0.166340 0.341564 -0.094968 0.935048 0.132944 
436004597393291 0.020944 0.995699 0.090249 0.028507 -0.942236 -0.010525 0.334783 0.165914 0.334293 -0.092048 0.937964 0.134006 
436004614054916 0.017641 0.995930 0.088390 0.028838 -0.944863 -0.012306 0.327233 0.165531 0.326989 -0.089289 0.940800 0.135055 
436004630716500 0.014770 0.996138 0.086549 0.029109 -0.947370 -0.013743 0.319845 0.165214 0.319799 -0.086718 0.943509 0.136061 
436004647378416 0.012132 0.996329 0.084746 0.029349 -0.949506 -0.015094 0.313385 0.164931 0.313514 -0.084269 0.945837 0.136948 
436004664039958 0.009837 0.996586 0.081973 0.028940 -0.950988 -0.016014 0.308812 0.165151 0.309070 -0.080993 0.947584 0.136280 
436004680701458 0.007327 0.996923 0.078038 0.029097 -0.952017 -0.016923 0.305578 0.164940 0.305958 -0.076533 0.948964 0.136789 
436004697363208 0.004779 0.997287 0.073453 0.029254 -0.952281 -0.017879 0.304699 0.164761 0.305186 -0.071404 0.949612 0.137047 
436004714024916 0.002516 0.997627 0.068799 0.029393 -0.951386 -0.018801 0.307426 0.164603 0.307990 -0.066228 0.949081 0.136901 
436004730686750 0.001127 0.997985 0.063435 0.029458 -0.948794 -0.018971 0.315325 0.164451 0.315893 -0.060542 0.946861 0.136226 
436004747348375 0.000843 0.998374 0.057004 0.028804 -0.944325 -0.017960 0.328523 0.164377 0.329013 -0.054108 0.942774 0.135204 
436004764010041 0.001156 0.998727 0.050433 0.028662 -0.938597 -0.016317 0.344629 0.164260 0.345013 -0.047735 0.937383 0.133738 
436004780671750 0.001957 0.998957 0.045628 0.028473 -0.932245 -0.014687 0.361530 0.164187 0.361823 -0.043244 0.931243 0.132115 
436004797333083 0.002849 0.999070 0.043023 0.028264 -0.925579 -0.013652 0.378308 0.164153 0.378543 -0.040899 0.924679 0.130445 
436004813994875 0.003697 0.999157 0.040894 0.028029 -0.918914 -0.012736 0.394251 0.164181 0.394439 -0.039036 0.918092 0.128892 
436004830656250 0.004515 0.999247 0.038549 0.027757 -0.912654 -0.011638 0.408567 0.164332 0.408707 -0.037027 0.911914 0.127525 
436004847318458 0.006315 0.999263 0.037852 0.027282 -0.905782 -0.010322 0.423619 0.164861 0.423697 -0.036961 0.905049 0.125133 
436004863980000 0.009150 0.999211 0.038644 0.026770 -0.898296 -0.008763 0.439303 0.165071 0.439295 -0.038733 0.897508 0.123534 
436004880641083 0.012536 0.999090 0.040764 0.026163 -0.891337 -0.007311 0.453282 0.165340 0.453167 -0.042017 0.890435 0.122151 
436004897303125 0.015204 0.998903 0.044283 0.025569 -0.886368 -0.007031 0.462927 0.165770 0.462731 -0.046289 0.885289 0.121250 
436004913964875 0.016994 0.998677 0.048539 0.025024 -0.883019 -0.007782 0.469272 0.166325 0.469029 -0.050836 0.881719 0.120746 
436004930626666 0.018797 0.998407 0.053207 0.024467 -0.879537 -0.008795 0.475749 0.166892 0.475459 -0.055740 0.877971 0.120309 
436004947288416 0.020740 0.998153 0.057106 0.023888 -0.874575 -0.009563 0.484796 0.167377 0.484446 -0.059999 0.872761 0.119702 
436004963950125 0.022605 0.997932 0.060166 0.023324 -0.868027 -0.010267 0.496410 0.167743 0.496002 -0.063447 0.866000 0.118911 
436004980611500 0.024581 0.997696 0.063236 0.023149 -0.860977 -0.011019 0.508525 0.168567 0.508050 -0.066945 0.858722 0.119298 
436004997273083 0.026109 0.997470 0.066125 0.022651 -0.854879 -0.012009 0.518689 0.168925 0.518171 -0.070071 0.852402 0.118870 
436005013934958 0.027652 0.997230 0.069046 0.022157 -0.849971 -0.012897 0.526672 0.169354 0.526104 -0.073250 0.847260 0.118704 
436005030596708 0.029261 0.996863 0.073534 0.021692 -0.844845 -0.014652 0.534811 0.169720 0.534211 -0.077773 0.841766 0.118508 
436005047258375 0.030796 0.996464 0.078172 0.021274 -0.838669 -0.016787 0.544383 0.169974 0.543770 -0.082325 0.835186 0.118159 
436005063919666 0.031505 0.996138 0.081956 0.021434 -0.831576 -0.019367 0.555073 0.169828 0.554517 -0.085640 0.827754 0.118683 
436005080581416 0.032201 0.995848 0.085150 0.021198 -0.823244 -0.021885 0.567266 0.169868 0.566774 -0.088365 0.819121 0.118137 
436005097243083 0.033554 0.995532 0.088258 0.020913 -0.814690 -0.023908 0.579404 0.169883 0.578925 -0.091344 0.810248 0.117555 
436005113905000 0.035180 0.995168 0.091672 0.020617 -0.805956 -0.025988 0.591405 0.169856 0.590929 -0.094689 0.801147 0.116902 
436005130566666 0.036443 0.994785 0.095263 0.020360 -0.796616 -0.028639 0.603807 0.169734 0.603386 -0.097892 0.791418 0.116123 
436005147228333 0.037249 0.994402 0.098880 0.020158 -0.785896 -0.031966 0.617531 0.169429 0.617235 -0.100712 0.780306 0.115149 
436005163889375 0.037871 0.994047 0.102160 0.020929 -0.774101 -0.035467 0.632068 0.170114 0.631928 -0.103019 0.768149 0.114731 
436005180551458 0.038704 0.993857 0.103685 0.020767 -0.762901 -0.037624 0.645420 0.169757 0.645356 -0.104081 0.756758 0.113820 
436005197213166 0.039275 0.993756 0.104434 0.020636 -0.753137 -0.039247 0.656692 0.169488 0.656691 -0.104444 0.746893 0.113127 
436005213874875 0.038948 0.993694 0.105146 0.020607 -0.744764 -0.041286 0.666049 0.169288 0.666190 -0.104250 0.738460 0.112638 
436005230536750 0.038617 0.993647 0.105710 0.020595 -0.736671 -0.043167 0.674872 0.169079 0.675148 -0.103935 0.730324 0.112242 
436005247198375 0.038935 0.993607 0.105966 0.020525 -0.728416 -0.044371 0.683697 0.168850 0.684028 -0.103807 0.722032 0.111878 
436005263860000 0.040401 0.993486 0.106556 0.020861 -0.719986 -0.044998 0.692529 0.168124 0.692812 -0.104698 0.713477 0.110509 
436005280521416 0.042771 0.993355 0.106844 0.020594 -0.710874 -0.044886 0.701886 0.167851 0.702018 -0.105973 0.704230 0.110062 
436005297183375 0.045486 0.993208 0.107089 0.020308 -0.701867 -0.044508 0.710916 0.167618 0.710854 -0.107499 0.695076 0.109644 
436005313844833 0.047364 0.993151 0.106805 0.020122 -0.693356 -0.044281 0.719234 0.167444 0.719037 -0.108120 0.686510 0.109299 
436005330506791 0.048311 0.993276 0.105211 0.020051 -0.684622 -0.043769 0.727582 0.167276 0.727295 -0.107180 0.677904 0.108974 
436005347168458 0.049216 0.993395 0.103654 0.020002 -0.674675 -0.043458 0.736834 0.166987 0.736472 -0.106197 0.668080 0.108539 
436005363829750 0.050566 0.993433 0.102631 0.019770 -0.663566 -0.043382 0.746859 0.165591 0.746407 -0.105869 0.657015 0.106877 
436005380491500 0.051918 0.993490 0.101398 0.019656 -0.653099 -0.043034 0.756049 0.165179 0.755490 -0.105475 0.646614 0.106339 
436005397153083 0.053827 0.993484 0.100459 0.019473 -0.644232 -0.042315 0.763659 0.164935 0.762934 -0.105824 0.637757 0.105921 
436005413814625 0.056736 0.993322 0.100462 0.019176 -0.636943 -0.041474 0.769794 0.164828 0.768820 -0.107663 0.630336 0.105574 
436005430476750 0.060204 0.993084 0.100797 0.018796 -0.630365 -0.040472 0.775243 0.164764 0.773961 -0.110211 0.623569 0.105218 
436005447138500 0.063401 0.992950 0.100156 0.018402 -0.623072 -0.039013 0.781191 0.164632 0.779591 -0.111932 0.616206 0.104765 
436005463799666 0.065912 0.993094 0.097061 0.017970 -0.613156 -0.036430 0.789121 0.164953 0.787207 -0.111526 0.606520 0.104564 
436005480461166 0.068292 0.993469 0.091412 0.017590 -0.600877 -0.032185 0.798693 0.164394 0.796419 -0.109472 0.594754 0.103698 
436005497123166 0.070607 0.993683 0.087226 0.017258 -0.589993 -0.028907 0.806890 0.163886 0.804315 -0.108435 0.584225 0.102862 
436005513784791 0.073334 0.993611 0.085786 0.016949 -0.584455 -0.026883 0.810980 0.163760 0.808105 -0.109610 0.578750 0.102296 
436005530446750 0.076729 0.993251 0.086974 0.016630 -0.584089 -0.025918 0.811275 0.164020 0.808055 -0.113050 0.578159 0.102009 
436005547108500 0.079038 0.992857 0.089373 0.016411 -0.587632 -0.026017 0.808710 0.164543 0.805259 -0.116437 0.581378 0.101990 
436005563769541 0.078600 0.992739 0.091057 0.015718 -0.593532 -0.026786 0.804364 0.164952 0.800963 -0.117269 0.587117 0.101463 
436005580431500 0.076896 0.992868 0.091108 0.015817 -0.601736 -0.026646 0.798250 0.165722 0.794985 -0.116206 0.595395 0.101904 
436005597093041 0.075427 0.992932 0.091634 0.015890 -0.612731 -0.026347 0.789852 0.166664 0.786684 -0.115723 0.606413 0.102562 
436005613754833 0.075941 0.992708 0.093612 0.015770 -0.626055 -0.025601 0.779359 0.167734 0.776073 -0.117791 0.619546 0.103358 
436005630416708 0.077843 0.992481 0.094457 0.015482 -0.640766 -0.022778 0.767398 0.168922 0.763780 -0.120261 0.634175 0.104308 
436005647078541 0.079086 0.992689 0.091177 0.015188 -0.655940 -0.017053 0.754620 0.170206 0.750658 -0.119486 0.649796 0.105452 
436005663739875 0.078525 0.993351 0.084186 0.014640 -0.671613 -0.009694 0.740838 0.170934 0.736729 -0.114714 0.666387 0.107056 
436005680401625 0.078284 0.993819 0.078714 0.014504 -0.688000 -0.003284 0.725703 0.172215 0.721476 -0.110966 0.683490 0.108523 
436005697063125 0.080089 0.993692 0.078499 0.014279 -0.705325 0.000848 0.708884 0.173374 0.704345 -0.112141 0.700944 0.109925 
436005713724875 0.083234 0.993152 0.081987 0.014019 -0.722935 0.003551 0.690906 0.174375 0.685884 -0.116778 0.718280 0.111167 
436005730386541 0.085842 0.992620 0.085659 0.013867 -0.739550 0.005873 0.673076 0.175160 0.667606 -0.121127 0.734596 0.112182 
436005747048291 0.087285 0.992257 0.088359 0.013884 -0.754517 0.007935 0.656232 0.175702 0.650450 -0.123948 0.749368 0.112928 
436005763709625 0.088010 0.991776 0.092922 0.013915 -0.768366 0.008225 0.639958 0.176228 0.633931 -0.127721 0.762771 0.113945 
436005780371625 0.088864 0.991086 0.099258 0.014153 -0.781577 0.007608 0.623762 0.176356 0.617447 -0.133007 0.775286 0.114122 
436005797033208 0.089664 0.990485 0.104399 0.014431 -0.795322 0.008110 0.606132 0.176517 0.599518 -0.137379 0.788482 0.114312 
